A = 
 0.000000, 0.000000, 0.000000, 0.000000, 2.300000, 7.200000, 12.800000, 9.000000
 0.200000, 0.000000, 0.000000, 0.000000, 0.000000, 0.000000, 0.000000, 0.000000
 0.000000, 0.600000, 0.000000, 0.000000, 0.000000, 0.000000, 0.000000, 0.000000
 0.000000, 0.000000, 0.800000, 0.000000, 0.000000, 4.700000, 0.000000, 0.000000
 0.000000, 0.000000, 0.100000, 0.800000, 0.000000, 0.000000, 0.000000, 0.000000
 0.000000, 0.000000, 0.000000, 0.000000, 0.860000, 0.000000, 0.000000, 0.000000
 0.000000, 0.000000, 0.000000, 0.000000, 0.000000, 0.870000, 0.000000, 0.000000
 0.000000, 0.000000, 0.000000, 0.000000, 0.000000, 0.000000, 0.750000, 0.000000

Lambda = 
 1.546541

Stable Stage Distribution (Right Eigenvector) = 
 0.589260
 0.076204
 0.029564
 0.147226
 0.078069
 0.043413
 0.024422
 0.011843

Reproductive Values (Left Eigenvector) = 
 1.000000
 7.732705
 19.931576
 31.032370
 59.991042
 105.207684
 11.098689
 5.819438

Sensitivity Matrix = 
 0.036997, 0.004784, 0.001856, 0.009244, 0.004902, 0.002726, 0.001533, 0.000744
 0.286086, 0.036997, 0.014353, 0.071478, 0.037903, 0.021077, 0.011857, 0.005750
 0.737406, 0.095362, 0.036997, 0.184240, 0.097696, 0.054327, 0.030561, 0.014821
 1.148101, 0.148473, 0.057602, 0.286851, 0.152108, 0.084584, 0.047582, 0.023075
 2.219482, 0.287025, 0.111355, 0.554534, 0.294051, 0.163516, 0.091985, 0.044609
 3.892358, 0.503363, 0.195286, 0.972499, 0.515685, 0.286762, 0.161317, 0.078231
 0.410617, 0.053101, 0.020601, 0.102592, 0.054401, 0.030251, 0.017018, 0.008253
 0.215301, 0.027843, 0.010802, 0.053793, 0.028524, 0.015862, 0.008923, 0.004327

Elasticity Matrix = 
 0.000000, 0.000000, 0.000000, 0.000000, 0.728959, 1.268951, 1.269054, 0.432726
 3.699690, 0.000000, 0.000000, 0.000000, 0.000000, 0.000000, 0.000000, 0.000000
 0.000000, 3.699690, 0.000000, 0.000000, 0.000000, 0.000000, 0.000000, 0.000000
 0.000000, 0.000000, 2.979663, 0.000000, 0.000000, 25.705447, 0.000000, 0.000000
 0.000000, 0.000000, 0.720027, 28.685110, 0.000000, 0.000000, 0.000000, 0.000000
 0.000000, 0.000000, 0.000000, 0.000000, 28.676178, 0.000000, 0.000000, 0.000000
 0.000000, 0.000000, 0.000000, 0.000000, 0.000000, 1.701780, 0.000000, 0.000000
 0.000000, 0.000000, 0.000000, 0.000000, 0.000000, 0.000000, 0.432726, 0.000000

Loops = 
L o o p   1 :   1   2   3   4   5   1            
L o o p   2 :   1   2   3   4   5   6   1        
L o o p   3 :   1   2   3   4   5   6   7   1    
L o o p   4 :   1   2   3   4   5   6   7   8   1
L o o p   5 :   1   2   3   5   1                
L o o p   6 :   1   2   3   5   6   1            
L o o p   7 :   1   2   3   5   6   7   1        
L o o p   8 :   1   2   3   5   6   7   8   1    
L o o p   9 :   4   5   6   4                    

Dimension of Cycle Space = 
 6.000000

Number of Loops = 
 9.000000

Dimension of Solution Set = 
 3.000000

Loop Decomposition:

Loop Number, Minimum Elasticity, Maximum Elasticity
 1.000000	 0.044662	 3.644796
 2.000000	 3.293546	 7.613706
 3.000000	 3.843192	 8.883379
 4.000000	 0.000000	 3.461804
 5.000000	 0.000000	 2.880107
 6.000000	 0.000000	 3.600134
 7.000000	 0.000000	 4.320160
 8.000000	 0.000000	 3.029079
 9.000000	 77.116342	 77.116342

Loops being optimized =
 5, 6

Loop Number, Minimum Elasticity, Maximum Elasticity
 1.000000	 3.644796	 3.644796
 2.000000	 7.613706	 3.293546
 3.000000	 6.872270	 8.883379
 4.000000	 0.000000	 3.461804
 5.000000	 0.000000	 0.000000
 6.000000	 0.000000	 3.600134
 7.000000	 1.723807	 0.000000
 8.000000	 3.029079	 0.000000
 9.000000	 77.116342	 77.116342

Sum of Minimum Elasticity and Maximum Elasticity for selected loops
 0.000000
 3.600134
